   1.17629767E-10
   1.60241750E-10
   2.17852097E-10
   2.95580727E-10
   4.00238259E-10
   5.40866241E-10
   7.29438954E-10
   9.81781434E-10
   1.31876965E-09
   1.76786996E-09
   2.36515030E-09
   3.15786863E-09
   4.20779367E-09
   5.59557334E-09
   7.42609041E-09
   9.83560611E-09
   1.30007587E-08
   1.71498815E-08
   2.25777086E-08
   2.96634894E-08
   3.88947718E-08
   5.08961584E-08
   6.64668320E-08
   8.66258745E-08
   1.12671799E-07
   1.46253342E-07
   1.89460366E-07
   2.44938320E-07
   3.16022579E-07
   4.06912932E-07
   5.22887490E-07
   6.70561917E-07
   8.58204317E-07
   1.09612813E-06
   1.39719623E-06
   1.77734364E-06
   2.25635654E-06
   2.85867350E-06
   3.61445086E-06
   4.56078442E-06
   5.74322530E-06
   7.21756851E-06
   9.05203797E-06
   1.13297174E-05
   1.41517530E-05
   1.76408503E-05
   2.19455324E-05
   2.72452253E-05
   3.37558959E-05
   4.17374831E-05
   5.15012398E-05
   6.34199096E-05
   7.79377660E-05
   9.55839714E-05
   1.16986492E-04
   1.42889461E-04
   1.74171713E-04
   2.11869061E-04
   2.57198553E-04
   3.11589072E-04
   3.76709999E-04
   4.54508088E-04
   5.47250616E-04
   6.57566532E-04
   7.88500824E-04
   9.43568302E-04
   1.12681126E-03
   1.34287647E-03
   1.59708119E-03
   1.89550128E-03
   2.24504177E-03
   2.65356526E-03
   3.12995631E-03
   3.68425134E-03
   4.32774657E-03
   5.07312408E-03
   5.93457138E-03
   6.92790886E-03
   8.07074551E-03
   9.38258041E-03
   1.08849779E-02
   1.26016634E-02
   1.45587353E-02
   1.67846549E-02
   1.93105005E-02
   2.21700035E-02
   2.53996924E-02
   2.90389340E-02
   3.31299081E-02
   3.77177596E-02
   4.28506359E-02
   4.85794805E-02
   5.49579710E-02
   6.20424524E-02
   6.98919967E-02
   7.85676390E-02
   8.81326124E-02
   9.86515880E-02
  0.110190608    
  0.122816421    
  0.136595696    
  0.151595250    
  0.167880163    
  0.185513869    
  0.204556927    
  0.225066528    
  0.247095183    
  0.270689398    
  0.295889407    
  0.322727710    
  0.351227939    
  0.381403357    
  0.413256049    
  0.446777016    
  0.481942564    
  0.518715262    
  0.557042837    
  0.596856713    
  0.638071001    
  0.680582881    
  0.724272192    
  0.769000232    
  0.814610243    
  0.860926926    
  0.907759130    
  0.954896510    
   1.00211453    
   1.04917216    
   1.09581542    
   1.14177752    
   1.18678224    
   1.23054421    
   1.27277184    
   1.31317222    
   1.35144913    
   1.38730872    
   1.42046249    
   1.45062935    
   1.47753942    
   1.50093615    
   1.52057946    
   1.53625071    
   1.54775226    
   1.55491197    
   1.55758512    
   1.55565739    
   1.54904568    
   1.53770053    
   1.52160609    
   1.50078261    
   1.47528565    
   1.44520724    
   1.41067410    
   1.37184787    
   1.32892406    
   1.28213012    
   1.23172212    
   1.17798483    
   1.12122786    
   1.06178260    
  0.999999046    
  0.936242521    
  0.870891035    
  0.804327667    
  0.736942351    
  0.669124603    
  0.601260841    
  0.533729970    
  0.466900647    
  0.401127666    
  0.336749732    
  0.274082839    
  0.213423565    
  0.155042738    
   9.91849005E-02
   4.60665151E-02
  -4.12503723E-03
  -5.12317456E-02
  -9.51278657E-02
 -0.135715887    
 -0.172929004    
 -0.206729800    
 -0.237109199    
 -0.264085203    
 -0.287701577    
 -0.308025509    
 -0.325147033    
 -0.339175135    
 -0.350236863    
 -0.358474493    
 -0.364043474    
 -0.367109925    
 -0.367848456    
 -0.366439760    
 -0.363068432    
 -0.357920945    
 -0.351183832    
 -0.343041450    
 -0.333674848    
 -0.323259801    
 -0.311965883    
 -0.299954772    
 -0.287379831    
 -0.274385363    
 -0.261105329    
 -0.247663692    
 -0.234173626    
 -0.220737606    
 -0.207447410    
 -0.194383755    
 -0.181617528    
 -0.169209316    
 -0.157210127    
 -0.145661846    
 -0.134597823    
 -0.124043457    
 -0.114016488    
 -0.104528293    
  -9.55839977E-02
  -8.71834680E-02
  -7.93216377E-02
  -7.19894096E-02
  -6.51739910E-02
  -5.88598400E-02
  -5.30285724E-02
  -4.76601459E-02
  -4.27330360E-02
  -3.82244624E-02
  -3.41110788E-02
  -3.03691104E-02
  -2.69747693E-02
  -2.39043757E-02
  -2.11347155E-02
  -1.86431874E-02
  -1.64078977E-02
  -1.44078834E-02
  -1.26230894E-02
  -1.10345203E-02
  -9.62428935E-03
  -8.37553572E-03
  -7.27260998E-03
  -6.30093738E-03
  -5.44703752E-03
  -4.69848840E-03
  -4.04392136E-03
  -3.47294053E-03
  -2.97606690E-03
  -2.54473323E-03
  -2.17119162E-03
  -1.84847554E-03
  -1.57033373E-03
  -1.33116357E-03
  -1.12599961E-03
  -9.50410322E-04
  -8.00490088E-04
  -6.72774971E-04
  -5.64234040E-04
  -4.72197513E-04
  -3.94332281E-04
  -3.28610826E-04
  -2.73261772E-04
  -2.26756136E-04
  -1.87767466E-04
  -1.55155794E-04
  -1.27938445E-04
  -1.05273350E-04
  -8.64421891E-05
  -7.08304797E-05
  -5.79172229E-05
  -4.72589818E-05
  -3.84817722E-05
  -3.12692719E-05
  -2.53558337E-05
  -2.05179349E-05
  -1.65685160E-05
  -1.33515787E-05
  -1.07368905E-05
  -8.61641274E-06
  -6.90036086E-06
  -5.51468247E-06
  -4.39816768E-06
  -3.50043888E-06
  -2.78022321E-06
  -2.20362722E-06
  -1.74302568E-06
  -1.37585448E-06
  -1.08380357E-06
  -8.51992013E-07
  -6.68381915E-07
  -5.23269648E-07
  -4.08818295E-07
  -3.18749244E-07
  -2.48013606E-07
  -1.92581538E-07
  -1.49232960E-07
  -1.15404838E-07
  -8.90630787E-08
  -6.85932733E-08
  -5.27207504E-08
  -4.04379854E-08
  -3.09540198E-08
  -2.36459030E-08
  -1.80265936E-08
  -1.37146863E-08
  -1.04128759E-08
  -7.88997667E-09
  -5.96613825E-09
  -4.50227411E-09
  -3.39064488E-09
  -2.54833221E-09
  -1.91138394E-09
  -1.43072165E-09
  -1.06877240E-09
  -7.96763933E-10
  -5.92786764E-10
  -4.40132236E-10
  -3.26131011E-10
  -2.41168141E-10
  -1.77977924E-10
  -1.31080341E-10
  -9.63443839E-11
  -7.06710940E-11
  -5.17338047E-11
  -3.77949859E-11
  -2.75560234E-11
  -2.00501525E-11
  -1.45594023E-11
  -1.05509412E-11
  -7.63073806E-12
  -5.50760175E-12
  -3.96721588E-12
  -2.85186848E-12
  -2.04598578E-12
  -1.46487499E-12
  -1.04669149E-12
  -7.46389224E-13
  -5.31170865E-13
  -3.77254624E-13
  -2.67396104E-13
  -1.89150494E-13
  -1.33532250E-13
  -9.40776523E-14
  -6.61482655E-14
  -4.64164128E-14
  -3.25054315E-14
  -2.27177387E-14
  -1.58454945E-14
  -1.10299436E-14
  -7.66242521E-15
  -5.31240557E-15
  -3.67568804E-15
  -2.53816663E-15
  -1.74913924E-15
  -1.20298827E-15
  -8.25713975E-16
  -5.65615250E-16
  -3.86674723E-16
  -2.63813679E-16
  -1.79630740E-16
  -1.22064992E-16
  -8.27819130E-17
  -5.60278281E-17
  -3.78446612E-17
  -2.55117142E-17
  -1.71632367E-17
  -1.15237774E-17
  -7.72174177E-18
  -5.16381229E-18
  -3.44630678E-18
  -2.29547397E-18
  -1.52587061E-18
  -1.01226300E-18
  -6.70202515E-19
  -4.42837448E-19
  -2.92023759E-19
  -1.92185024E-19
  -1.26228770E-19
  -8.27423985E-20
  -5.41284633E-20
  -3.53392883E-20
  -2.30259666E-20
  -1.49733019E-20
  -9.71726143E-21
  -6.29370992E-21
  -4.06822127E-21
  -2.62438559E-21
  -1.68962051E-21
  -1.08562397E-21
  -6.96150942E-22
  -4.45512137E-22
  -2.84546294E-22
  -1.81374142E-22
  -1.15381674E-22
  -7.32539140E-23
  -4.64143763E-23
  -2.93504724E-23
  -1.85226844E-23
  -1.16662304E-23
  -7.33308689E-24
  -4.60026327E-24
  -2.88014911E-24
  -1.79959131E-24
  -1.12220601E-24
  -6.98392759E-25
  -4.33777355E-25
  -2.68882500E-25
  -1.66340012E-25
  -1.02699385E-25
  -6.32801723E-26
  -3.89141818E-26
  -2.38823479E-26
  -1.46280558E-26
  -8.94180692E-27
  -5.45512300E-27
  -3.32133706E-27
  -2.01818314E-27
  -1.22391307E-27
  -7.40727438E-28
  -4.47421741E-28
  -2.69712044E-28
  -1.62263690E-28
  -9.74271926E-29
  -5.83812801E-29
  -3.49149673E-29
  -2.08387260E-29
  -1.24130548E-29
  -7.37917500E-30
  -4.37812664E-30
  -2.59231205E-30
  -1.53190255E-30
  -9.03482889E-31
  -5.31774319E-31
  -3.12382310E-31
  -1.83133392E-31
  -1.07152023E-31
  -6.25684375E-32
  -3.64635409E-32
  -2.12075829E-32
  -1.23098393E-32
  -7.13130252E-33
  -4.12288407E-33
  -2.37896896E-33
  -1.36992130E-33
  -7.87332065E-34
  -4.51584981E-34
  -2.58505649E-34
  -1.47683887E-34
  -8.42025946E-35
  -4.79144957E-35
  -2.72103725E-35
  -1.54223740E-35
  -8.72350257E-36
  -4.92469965E-36
  -2.77460701E-36
  -1.56012491E-36
  -8.75494690E-37
  -4.90317427E-37
  -2.74067254E-37
  -1.52881035E-37
  -8.51150145E-38
  -4.72917436E-38
  -2.62243086E-38
  -1.45131963E-38
  -8.01594850E-39
  -4.41861496E-39
  -2.43076659E-39
  -1.33463589E-39
  -7.31319452E-40
  -3.99923575E-40
  -2.18284466E-40
  -1.18900175E-40
  -6.46404969E-41
  -3.50632902E-41
  -1.89903968E-41
  -1.02617087E-41
  -5.52952374E-42
  -2.98616703E-42
  -1.59047376E-42
  -8.50588168E-43
  -4.54020702E-43
  -2.41023336E-43
  -1.34524653E-43
  -8.12753109E-44
  -2.66246708E-44
  -2.66246708E-44
  -0.00000000    
  -0.00000000    
  -0.00000000    
  -0.00000000    
  -0.00000000    
  -0.00000000    
  -0.00000000    
  -0.00000000    
  -0.00000000    
  -0.00000000    
  -0.00000000    
  -0.00000000    
  -0.00000000    
  -0.00000000    
  -0.00000000    
  -0.00000000    
  -0.00000000    
  -0.00000000    
  -0.00000000    
  -0.00000000    
  -0.00000000    
  -0.00000000    
  -0.00000000    
  -0.00000000    
  -0.00000000    
  -0.00000000    
  -0.00000000    
  -0.00000000    
  -0.00000000    
  -0.00000000    
  -0.00000000    
  -0.00000000    
  -0.00000000    
  -0.00000000    
  -0.00000000    
  -0.00000000    
  -0.00000000    
  -0.00000000    
  -0.00000000    
  -0.00000000    
  -0.00000000    
  -0.00000000    
  -0.00000000    
  -0.00000000    
  -0.00000000    
  -0.00000000    
  -0.00000000    
  -0.00000000    
  -0.00000000    
  -0.00000000    
  -0.00000000    
  -0.00000000    
  -0.00000000    
  -0.00000000    
  -0.00000000    
  -0.00000000    
  -0.00000000    
  -0.00000000    
  -0.00000000    
  -0.00000000    
  -0.00000000    
  -0.00000000    
  -0.00000000    
  -0.00000000    
  -0.00000000    
  -0.00000000    
  -0.00000000    
  -0.00000000    
  -0.00000000    
  -0.00000000    
  -0.00000000    
  -0.00000000    
  -0.00000000    
  -0.00000000    
  -0.00000000    
  -0.00000000    
  -0.00000000    
  -0.00000000    
  -0.00000000    
  -0.00000000    
  -0.00000000    
  -0.00000000    
  -0.00000000    
  -0.00000000    
  -0.00000000    
  -0.00000000    
  -0.00000000    
  -0.00000000    
  -0.00000000    
  -0.00000000    
  -0.00000000    
  -0.00000000    
  -0.00000000    
  -0.00000000    
  -0.00000000    
  -0.00000000    
  -0.00000000    
  -0.00000000    
  -0.00000000    
  -0.00000000    
  -0.00000000    
  -0.00000000    
  -0.00000000    
  -0.00000000    
  -0.00000000    
  -0.00000000    
  -0.00000000    
  -0.00000000    
  -0.00000000    
  -0.00000000    
  -0.00000000    
  -0.00000000    
  -0.00000000    
  -0.00000000    
  -0.00000000    
  -0.00000000    
  -0.00000000    
  -0.00000000    
  -0.00000000    
  -0.00000000    
  -0.00000000    
  -0.00000000    
  -0.00000000    
  -0.00000000    
  -0.00000000    
  -0.00000000    
  -0.00000000    
  -0.00000000    
  -0.00000000    
  -0.00000000    
  -0.00000000    
  -0.00000000    
  -0.00000000    
  -0.00000000    
  -0.00000000    
  -0.00000000    
  -0.00000000    
  -0.00000000    
  -0.00000000    
  -0.00000000    
  -0.00000000    
  -0.00000000    
  -0.00000000    
  -0.00000000    
  -0.00000000    
  -0.00000000    
  -0.00000000    
  -0.00000000    
  -0.00000000    
  -0.00000000    
  -0.00000000    
  -0.00000000    
  -0.00000000    
  -0.00000000    
  -0.00000000    
  -0.00000000    
  -0.00000000    
  -0.00000000    
  -0.00000000    
  -0.00000000    
  -0.00000000    
  -0.00000000    
  -0.00000000    
  -0.00000000    
  -0.00000000    
  -0.00000000    
  -0.00000000    
  -0.00000000    
  -0.00000000    
  -0.00000000    
  -0.00000000    
  -0.00000000    
  -0.00000000    
  -0.00000000    
  -0.00000000    
  -0.00000000    
  -0.00000000    
  -0.00000000    
  -0.00000000    
  -0.00000000    
  -0.00000000    
  -0.00000000    
  -0.00000000    
  -0.00000000    
  -0.00000000    
  -0.00000000    
  -0.00000000    
  -0.00000000    
  -0.00000000    
  -0.00000000    
  -0.00000000    
  -0.00000000    
  -0.00000000    
  -0.00000000    
  -0.00000000    
  -0.00000000    
  -0.00000000    
  -0.00000000    
  -0.00000000    
  -0.00000000    
  -0.00000000    
  -0.00000000    
  -0.00000000    
  -0.00000000    
  -0.00000000    
  -0.00000000    
  -0.00000000    
  -0.00000000    
  -0.00000000    
  -0.00000000    
  -0.00000000    
  -0.00000000    
  -0.00000000    
  -0.00000000    
  -0.00000000    
  -0.00000000    
  -0.00000000    
  -0.00000000    
  -0.00000000    
  -0.00000000    
  -0.00000000    
  -0.00000000    
  -0.00000000    
  -0.00000000    
  -0.00000000    
  -0.00000000    
  -0.00000000    
  -0.00000000    
  -0.00000000    
  -0.00000000    
  -0.00000000    
  -0.00000000    
  -0.00000000    
  -0.00000000    
  -0.00000000    
  -0.00000000    
  -0.00000000    
  -0.00000000    
  -0.00000000    
  -0.00000000    
  -0.00000000    
  -0.00000000    
  -0.00000000    
  -0.00000000    
  -0.00000000    
  -0.00000000    
  -0.00000000    
  -0.00000000    
  -0.00000000    
  -0.00000000    
  -0.00000000    
  -0.00000000    
  -0.00000000    
  -0.00000000    
  -0.00000000    
  -0.00000000    
  -0.00000000    
  -0.00000000    
  -0.00000000    
  -0.00000000    
  -0.00000000    
  -0.00000000    
  -0.00000000    
  -0.00000000    
  -0.00000000    
  -0.00000000    
  -0.00000000    
  -0.00000000    
  -0.00000000    
  -0.00000000    
  -0.00000000    
  -0.00000000    
  -0.00000000    
  -0.00000000    
  -0.00000000    
  -0.00000000    
  -0.00000000    
  -0.00000000    
  -0.00000000    
  -0.00000000    
  -0.00000000    
  -0.00000000    
  -0.00000000    
  -0.00000000    
  -0.00000000    
  -0.00000000    
  -0.00000000    
  -0.00000000    
  -0.00000000    
  -0.00000000    
  -0.00000000    
  -0.00000000    
  -0.00000000    
  -0.00000000    
  -0.00000000    
  -0.00000000    
  -0.00000000    
  -0.00000000    
  -0.00000000    
  -0.00000000    
  -0.00000000    
  -0.00000000    
  -0.00000000    
  -0.00000000    
  -0.00000000    
  -0.00000000    
  -0.00000000    
  -0.00000000    
  -0.00000000    
  -0.00000000    
  -0.00000000    
  -0.00000000    
  -0.00000000    
  -0.00000000    
  -0.00000000    
  -0.00000000    
  -0.00000000    
  -0.00000000    
  -0.00000000    
  -0.00000000    
  -0.00000000    
  -0.00000000    
  -0.00000000    
  -0.00000000    
  -0.00000000    
  -0.00000000    
  -0.00000000    
  -0.00000000    
  -0.00000000    
  -0.00000000    
  -0.00000000    
  -0.00000000    
  -0.00000000    
  -0.00000000    
  -0.00000000    
  -0.00000000    
  -0.00000000    
  -0.00000000    
  -0.00000000    
  -0.00000000    
  -0.00000000    
  -0.00000000    
  -0.00000000    
  -0.00000000    
  -0.00000000    
  -0.00000000    
  -0.00000000    
  -0.00000000    
  -0.00000000    
  -0.00000000    
  -0.00000000    
  -0.00000000    
  -0.00000000    
  -0.00000000    
  -0.00000000    
  -0.00000000    
  -0.00000000    
  -0.00000000    
  -0.00000000    
  -0.00000000    
  -0.00000000    
  -0.00000000    
  -0.00000000    
  -0.00000000    
  -0.00000000    
  -0.00000000    
  -0.00000000    
  -0.00000000    
  -0.00000000    
  -0.00000000    
  -0.00000000    
  -0.00000000    
  -0.00000000    
  -0.00000000    
  -0.00000000    
  -0.00000000    
  -0.00000000    
  -0.00000000    
  -0.00000000    
  -0.00000000    
  -0.00000000    
  -0.00000000    
  -0.00000000    
  -0.00000000    
  -0.00000000    
  -0.00000000    
  -0.00000000    
  -0.00000000    
  -0.00000000    
  -0.00000000    
  -0.00000000    
  -0.00000000    
  -0.00000000    
  -0.00000000    
  -0.00000000    
  -0.00000000    
  -0.00000000    
  -0.00000000    
  -0.00000000    
  -0.00000000    
  -0.00000000    
  -0.00000000    
  -0.00000000    
  -0.00000000    
  -0.00000000    
  -0.00000000    
  -0.00000000    
  -0.00000000    
  -0.00000000    
  -0.00000000    
  -0.00000000    
  -0.00000000    
  -0.00000000    
  -0.00000000    
  -0.00000000    
  -0.00000000    
  -0.00000000    
  -0.00000000    
  -0.00000000    
  -0.00000000    
  -0.00000000    
  -0.00000000    
  -0.00000000    
  -0.00000000    
  -0.00000000    
  -0.00000000    
  -0.00000000    
  -0.00000000    
  -0.00000000    
  -0.00000000    
  -0.00000000    
  -0.00000000    
  -0.00000000    
  -0.00000000    
  -0.00000000    
  -0.00000000    
  -0.00000000    
  -0.00000000    
  -0.00000000    
  -0.00000000    
  -0.00000000    
  -0.00000000    
  -0.00000000    
  -0.00000000    
  -0.00000000    
  -0.00000000    
  -0.00000000    
  -0.00000000    
  -0.00000000    
  -0.00000000    
  -0.00000000    
  -0.00000000    
  -0.00000000    
  -0.00000000    
  -0.00000000    
  -0.00000000    
  -0.00000000    
  -0.00000000    
  -0.00000000    
  -0.00000000    
  -0.00000000    
  -0.00000000    
  -0.00000000    
  -0.00000000    
  -0.00000000    
  -0.00000000    
  -0.00000000    
  -0.00000000    
  -0.00000000    
  -0.00000000    
  -0.00000000    
  -0.00000000    
  -0.00000000    
  -0.00000000    
  -0.00000000    
  -0.00000000    
  -0.00000000    
  -0.00000000    
  -0.00000000    
  -0.00000000    
  -0.00000000    
  -0.00000000    
  -0.00000000    
  -0.00000000    
  -0.00000000    
  -0.00000000    
  -0.00000000    
  -0.00000000    
  -0.00000000    
  -0.00000000    
  -0.00000000    
  -0.00000000    
  -0.00000000    
  -0.00000000    
  -0.00000000    
  -0.00000000    
  -0.00000000    
  -0.00000000    
  -0.00000000    
  -0.00000000    
  -0.00000000    
  -0.00000000    
  -0.00000000    
  -0.00000000    
  -0.00000000    
  -0.00000000    
  -0.00000000    
  -0.00000000    
  -0.00000000    
  -0.00000000    
  -0.00000000    
  -0.00000000    
  -0.00000000    
  -0.00000000    
  -0.00000000    
  -0.00000000    
  -0.00000000    
  -0.00000000    
  -0.00000000    
  -0.00000000    
  -0.00000000    
  -0.00000000    
  -0.00000000    
  -0.00000000    
  -0.00000000    
  -0.00000000    
  -0.00000000    
  -0.00000000    
  -0.00000000    
  -0.00000000    
  -0.00000000    
  -0.00000000    
  -0.00000000    
  -0.00000000    
  -0.00000000    
  -0.00000000    
  -0.00000000    
  -0.00000000    
  -0.00000000    
  -0.00000000    
  -0.00000000    
  -0.00000000    
  -0.00000000    
  -0.00000000    
  -0.00000000    
  -0.00000000    
  -0.00000000    
  -0.00000000    
  -0.00000000    
  -0.00000000    
  -0.00000000    
  -0.00000000    
  -0.00000000    
  -0.00000000    
  -0.00000000    
  -0.00000000    
  -0.00000000    
  -0.00000000    
  -0.00000000    
  -0.00000000    
  -0.00000000    
  -0.00000000    
  -0.00000000    
  -0.00000000    
  -0.00000000    
  -0.00000000    
  -0.00000000    
  -0.00000000    
  -0.00000000    
  -0.00000000    
  -0.00000000    
  -0.00000000    
  -0.00000000    
  -0.00000000    
  -0.00000000    
  -0.00000000    
  -0.00000000    
  -0.00000000    
  -0.00000000    
  -0.00000000    
  -0.00000000    
  -0.00000000    
  -0.00000000    
  -0.00000000    
  -0.00000000    
  -0.00000000    
  -0.00000000    
  -0.00000000    
  -0.00000000    
  -0.00000000    
  -0.00000000    
  -0.00000000    
  -0.00000000    
  -0.00000000    
  -0.00000000    
  -0.00000000    
  -0.00000000    
  -0.00000000    
  -0.00000000    
  -0.00000000    
  -0.00000000    
  -0.00000000    
  -0.00000000    
  -0.00000000    
  -0.00000000    
  -0.00000000    
  -0.00000000    
  -0.00000000    
  -0.00000000    
  -0.00000000    
  -0.00000000    
  -0.00000000    
  -0.00000000    
  -0.00000000    
  -0.00000000    
  -0.00000000    
  -0.00000000    
  -0.00000000    
  -0.00000000    
  -0.00000000    
  -0.00000000    
  -0.00000000    
  -0.00000000    
  -0.00000000    
  -0.00000000    
  -0.00000000    
  -0.00000000    
  -0.00000000    
  -0.00000000    
  -0.00000000    
  -0.00000000    
  -0.00000000    
  -0.00000000    
  -0.00000000    
  -0.00000000    
  -0.00000000    
  -0.00000000    
  -0.00000000    
  -0.00000000    
  -0.00000000    
  -0.00000000    
  -0.00000000    
  -0.00000000    
  -0.00000000    
  -0.00000000    
  -0.00000000    
  -0.00000000    
  -0.00000000    
  -0.00000000    
  -0.00000000    
  -0.00000000    
  -0.00000000    
  -0.00000000    
  -0.00000000    
  -0.00000000    
  -0.00000000    
  -0.00000000    
  -0.00000000    
  -0.00000000    
  -0.00000000    
  -0.00000000    
  -0.00000000    
  -0.00000000    
  -0.00000000    
  -0.00000000    
  -0.00000000    
  -0.00000000    
  -0.00000000    
  -0.00000000    
  -0.00000000    
  -0.00000000    
  -0.00000000    
  -0.00000000    
  -0.00000000    
  -0.00000000    
  -0.00000000    
  -0.00000000    
  -0.00000000    
  -0.00000000    
  -0.00000000    
  -0.00000000    
  -0.00000000    
  -0.00000000    
  -0.00000000    
  -0.00000000    
  -0.00000000    
  -0.00000000    
  -0.00000000    
  -0.00000000    
  -0.00000000    
  -0.00000000    
  -0.00000000    
  -0.00000000    
  -0.00000000    
  -0.00000000    
  -0.00000000    
  -0.00000000    
  -0.00000000    
  -0.00000000    
  -0.00000000    
  -0.00000000    
  -0.00000000    
  -0.00000000    
  -0.00000000    
  -0.00000000    
  -0.00000000    
  -0.00000000    
  -0.00000000    
  -0.00000000    
  -0.00000000    
  -0.00000000    
  -0.00000000    
  -0.00000000    
  -0.00000000    
  -0.00000000    
  -0.00000000    
  -0.00000000    
  -0.00000000    
  -0.00000000    
  -0.00000000    
  -0.00000000    
  -0.00000000    
  -0.00000000    
  -0.00000000    
  -0.00000000    
  -0.00000000    
  -0.00000000    
  -0.00000000    
  -0.00000000    
  -0.00000000    
  -0.00000000    
  -0.00000000    
  -0.00000000    
  -0.00000000    
  -0.00000000    
  -0.00000000    
  -0.00000000    
  -0.00000000    
  -0.00000000    
  -0.00000000    
  -0.00000000    
  -0.00000000    
  -0.00000000    
  -0.00000000    
  -0.00000000    
  -0.00000000    
  -0.00000000    
  -0.00000000    
  -0.00000000    
  -0.00000000    
  -0.00000000    
  -0.00000000    
  -0.00000000    
  -0.00000000    
  -0.00000000    
  -0.00000000    
  -0.00000000    
  -0.00000000    
  -0.00000000    
  -0.00000000    
  -0.00000000    
  -0.00000000    
  -0.00000000    
  -0.00000000    
  -0.00000000    
  -0.00000000    
  -0.00000000    
  -0.00000000    
  -0.00000000    
  -0.00000000    
  -0.00000000    
  -0.00000000    
  -0.00000000    
  -0.00000000    
  -0.00000000    
  -0.00000000    
  -0.00000000    
  -0.00000000    
  -0.00000000    
  -0.00000000    
  -0.00000000    
  -0.00000000    
  -0.00000000    
  -0.00000000    
  -0.00000000    
  -0.00000000    
  -0.00000000    
  -0.00000000    
  -0.00000000    
  -0.00000000    
  -0.00000000    
  -0.00000000    
  -0.00000000    
  -0.00000000    
  -0.00000000    
  -0.00000000    
  -0.00000000    
  -0.00000000    
  -0.00000000    
  -0.00000000    
  -0.00000000    
  -0.00000000    
  -0.00000000    
  -0.00000000    
  -0.00000000    
  -0.00000000    
  -0.00000000    
  -0.00000000    
  -0.00000000    
  -0.00000000    
  -0.00000000    
  -0.00000000    
  -0.00000000    
  -0.00000000    
  -0.00000000    
  -0.00000000    
  -0.00000000    
  -0.00000000    
  -0.00000000    
  -0.00000000    
  -0.00000000    
  -0.00000000    
  -0.00000000    
  -0.00000000    
  -0.00000000    
  -0.00000000    
  -0.00000000    
  -0.00000000    
  -0.00000000    
  -0.00000000    
  -0.00000000    
  -0.00000000    
  -0.00000000    
  -0.00000000    
  -0.00000000    
  -0.00000000    
  -0.00000000    
  -0.00000000    
  -0.00000000    
  -0.00000000    
  -0.00000000    
  -0.00000000    
  -0.00000000    
  -0.00000000    
  -0.00000000    
  -0.00000000    
  -0.00000000    
  -0.00000000    
  -0.00000000    
  -0.00000000    
  -0.00000000    
  -0.00000000    
  -0.00000000    
  -0.00000000    
  -0.00000000    
  -0.00000000    
  -0.00000000    
  -0.00000000    
  -0.00000000    
  -0.00000000    
  -0.00000000    
  -0.00000000    
  -0.00000000    
  -0.00000000    
  -0.00000000    
  -0.00000000    
  -0.00000000    
  -0.00000000    
  -0.00000000    
  -0.00000000    
  -0.00000000    
  -0.00000000    
  -0.00000000    
  -0.00000000    
  -0.00000000    
  -0.00000000    
  -0.00000000    
  -0.00000000    
  -0.00000000    
  -0.00000000    
  -0.00000000    
  -0.00000000    
  -0.00000000    
  -0.00000000    
  -0.00000000    
  -0.00000000    
  -0.00000000    
  -0.00000000    
  -0.00000000    
  -0.00000000    
  -0.00000000    
  -0.00000000    
  -0.00000000    
  -0.00000000    
  -0.00000000    
  -0.00000000    
  -0.00000000    
  -0.00000000    
  -0.00000000    
  -0.00000000    
  -0.00000000    
  -0.00000000    
  -0.00000000    
  -0.00000000    
  -0.00000000    
  -0.00000000    
  -0.00000000    
  -0.00000000    
  -0.00000000    
  -0.00000000    
  -0.00000000    
  -0.00000000    
  -0.00000000    
  -0.00000000    
  -0.00000000    
  -0.00000000    
  -0.00000000    
  -0.00000000    
  -0.00000000    
  -0.00000000    
  -0.00000000    
  -0.00000000    
  -0.00000000    
  -0.00000000    
  -0.00000000    
  -0.00000000    
  -0.00000000    
  -0.00000000    
  -0.00000000    
  -0.00000000    
  -0.00000000    
  -0.00000000    
  -0.00000000    
  -0.00000000    
  -0.00000000    
  -0.00000000    
  -0.00000000    
  -0.00000000    
  -0.00000000    
  -0.00000000    
  -0.00000000    
  -0.00000000    
  -0.00000000    
  -0.00000000    
  -0.00000000    
  -0.00000000    
  -0.00000000    
  -0.00000000    
  -0.00000000    
  -0.00000000    
  -0.00000000    
  -0.00000000    
  -0.00000000    
  -0.00000000    
  -0.00000000    
  -0.00000000    
  -0.00000000    
  -0.00000000    
  -0.00000000    
  -0.00000000    
  -0.00000000    
  -0.00000000    
  -0.00000000    
  -0.00000000    
  -0.00000000    
  -0.00000000    
  -0.00000000    
  -0.00000000    
  -0.00000000    
  -0.00000000    
  -0.00000000    
  -0.00000000    
  -0.00000000    
  -0.00000000    
  -0.00000000    
  -0.00000000    
  -0.00000000    
  -0.00000000    
  -0.00000000    
  -0.00000000    
  -0.00000000    
  -0.00000000    
  -0.00000000    
  -0.00000000    
  -0.00000000    
  -0.00000000    
  -0.00000000    
  -0.00000000    
  -0.00000000    
  -0.00000000    
  -0.00000000    
  -0.00000000    
  -0.00000000    
  -0.00000000    
  -0.00000000    
  -0.00000000    
  -0.00000000    
  -0.00000000    
  -0.00000000    
  -0.00000000    
  -0.00000000    
  -0.00000000    
  -0.00000000    
  -0.00000000    
  -0.00000000    
  -0.00000000    
  -0.00000000    
  -0.00000000    
  -0.00000000    
  -0.00000000    
  -0.00000000    
  -0.00000000    
  -0.00000000    
  -0.00000000    
  -0.00000000    
  -0.00000000    
  -0.00000000    
  -0.00000000    
  -0.00000000    
  -0.00000000    
  -0.00000000    
  -0.00000000    
  -0.00000000    
  -0.00000000    
  -0.00000000    
  -0.00000000    
  -0.00000000    
  -0.00000000    
  -0.00000000    
  -0.00000000    
  -0.00000000    
  -0.00000000    
  -0.00000000    
  -0.00000000    
  -0.00000000    
  -0.00000000    
  -0.00000000    
  -0.00000000    
  -0.00000000    
  -0.00000000    
  -0.00000000    
  -0.00000000    
  -0.00000000    
  -0.00000000    
  -0.00000000    
  -0.00000000    
  -0.00000000    
  -0.00000000    
  -0.00000000    
  -0.00000000    
  -0.00000000    
  -0.00000000    
  -0.00000000    
  -0.00000000    
  -0.00000000    
  -0.00000000    
  -0.00000000    
  -0.00000000    
  -0.00000000    
  -0.00000000    
  -0.00000000    
  -0.00000000    
  -0.00000000    
  -0.00000000    
  -0.00000000    
  -0.00000000    
  -0.00000000    
  -0.00000000    
  -0.00000000    
  -0.00000000    
  -0.00000000    
  -0.00000000    
  -0.00000000    
  -0.00000000    
  -0.00000000    
  -0.00000000    
  -0.00000000    
  -0.00000000    
  -0.00000000    
  -0.00000000    
  -0.00000000    
  -0.00000000    
  -0.00000000    
  -0.00000000    
  -0.00000000    
  -0.00000000    
  -0.00000000    
  -0.00000000    
  -0.00000000    
  -0.00000000    
  -0.00000000    
  -0.00000000    
  -0.00000000    
  -0.00000000    
  -0.00000000    
  -0.00000000    
  -0.00000000    
  -0.00000000    
  -0.00000000    
  -0.00000000    
  -0.00000000    
  -0.00000000    
  -0.00000000    
  -0.00000000    
  -0.00000000    
  -0.00000000    
  -0.00000000    
  -0.00000000    
  -0.00000000    
  -0.00000000    
  -0.00000000    
  -0.00000000    
  -0.00000000    
  -0.00000000    
  -0.00000000    
  -0.00000000    
  -0.00000000    
  -0.00000000    
  -0.00000000    
  -0.00000000    
  -0.00000000    
  -0.00000000    
  -0.00000000    
  -0.00000000    
  -0.00000000    
  -0.00000000    
  -0.00000000    
  -0.00000000    
  -0.00000000    
  -0.00000000    
  -0.00000000    
  -0.00000000    
  -0.00000000    
  -0.00000000    
  -0.00000000    
  -0.00000000    
  -0.00000000    
  -0.00000000    
  -0.00000000    
  -0.00000000    
  -0.00000000    
  -0.00000000    
  -0.00000000    
  -0.00000000    
  -0.00000000    
  -0.00000000    
  -0.00000000    
  -0.00000000    
  -0.00000000    
  -0.00000000    
  -0.00000000    
  -0.00000000    
  -0.00000000    
  -0.00000000    
  -0.00000000    
  -0.00000000    
  -0.00000000    
  -0.00000000    
  -0.00000000    
  -0.00000000    
  -0.00000000    
  -0.00000000    
  -0.00000000    
  -0.00000000    
  -0.00000000    
  -0.00000000    
  -0.00000000    
  -0.00000000    
  -0.00000000    
  -0.00000000    
  -0.00000000    
  -0.00000000    
  -0.00000000    
  -0.00000000    
  -0.00000000    
  -0.00000000    
  -0.00000000    
  -0.00000000    
  -0.00000000    
  -0.00000000    
  -0.00000000    
  -0.00000000    
  -0.00000000    
  -0.00000000    
  -0.00000000    
  -0.00000000    
  -0.00000000    
  -0.00000000    
  -0.00000000    
  -0.00000000    
  -0.00000000    
  -0.00000000    
  -0.00000000    
  -0.00000000    
  -0.00000000    
  -0.00000000    
  -0.00000000    
  -0.00000000    
  -0.00000000    
  -0.00000000    
  -0.00000000    
  -0.00000000    
  -0.00000000    
  -0.00000000    
  -0.00000000    
  -0.00000000    
  -0.00000000    
  -0.00000000    
  -0.00000000    
  -0.00000000    
  -0.00000000    
  -0.00000000    
  -0.00000000    
  -0.00000000    
  -0.00000000    
  -0.00000000    
  -0.00000000    
  -0.00000000    
  -0.00000000    
  -0.00000000    
  -0.00000000    
  -0.00000000    
  -0.00000000    
  -0.00000000    
  -0.00000000    
  -0.00000000    
  -0.00000000    
  -0.00000000    
  -0.00000000    
  -0.00000000    
  -0.00000000    
  -0.00000000    
  -0.00000000    
  -0.00000000    
  -0.00000000    
  -0.00000000    
  -0.00000000    
  -0.00000000    
  -0.00000000    
  -0.00000000    
  -0.00000000    
  -0.00000000    
  -0.00000000    
  -0.00000000    
  -0.00000000    
  -0.00000000    
  -0.00000000    
  -0.00000000    
  -0.00000000    
  -0.00000000    
  -0.00000000    
  -0.00000000    
  -0.00000000    
  -0.00000000    
  -0.00000000    
  -0.00000000    
  -0.00000000    
  -0.00000000    
  -0.00000000    
  -0.00000000    
  -0.00000000    
  -0.00000000    
  -0.00000000    
  -0.00000000    
  -0.00000000    
  -0.00000000    
  -0.00000000    
  -0.00000000    
  -0.00000000    
  -0.00000000    
  -0.00000000    
  -0.00000000    
  -0.00000000    
  -0.00000000    
  -0.00000000    
  -0.00000000    
  -0.00000000    
  -0.00000000    
  -0.00000000    
  -0.00000000    
  -0.00000000    
  -0.00000000    
  -0.00000000    
  -0.00000000    
  -0.00000000    
  -0.00000000    
  -0.00000000    
  -0.00000000    
  -0.00000000    
  -0.00000000    
  -0.00000000    
  -0.00000000    
  -0.00000000    
  -0.00000000    
  -0.00000000    
  -0.00000000    
  -0.00000000    
  -0.00000000    
  -0.00000000    
  -0.00000000    
  -0.00000000    
  -0.00000000    
  -0.00000000    
  -0.00000000    
  -0.00000000    
  -0.00000000    
  -0.00000000    
  -0.00000000    
  -0.00000000    
  -0.00000000    
  -0.00000000    
  -0.00000000    
  -0.00000000    
  -0.00000000    
  -0.00000000    
  -0.00000000    
  -0.00000000    
  -0.00000000    
  -0.00000000    
  -0.00000000    
  -0.00000000    
  -0.00000000    
  -0.00000000    
  -0.00000000    
  -0.00000000    
  -0.00000000    
  -0.00000000    
  -0.00000000    
  -0.00000000    
  -0.00000000    
  -0.00000000    
  -0.00000000    
  -0.00000000    
  -0.00000000    
  -0.00000000    
  -0.00000000    
  -0.00000000    
  -0.00000000    
  -0.00000000    
  -0.00000000    
  -0.00000000    
  -0.00000000    
  -0.00000000    
  -0.00000000    
  -0.00000000    
  -0.00000000    
  -0.00000000    
  -0.00000000    
  -0.00000000    
  -0.00000000    
  -0.00000000    
  -0.00000000    
  -0.00000000    
  -0.00000000    
  -0.00000000    
  -0.00000000    
  -0.00000000    
  -0.00000000    
  -0.00000000    
  -0.00000000    
  -0.00000000    
  -0.00000000    
  -0.00000000    
  -0.00000000    
  -0.00000000    
  -0.00000000    
  -0.00000000    
  -0.00000000    
  -0.00000000    
  -0.00000000    
  -0.00000000    
  -0.00000000    
  -0.00000000    
  -0.00000000    
  -0.00000000    
  -0.00000000    
  -0.00000000    
  -0.00000000    
  -0.00000000    
  -0.00000000    
  -0.00000000    
  -0.00000000    
  -0.00000000    
  -0.00000000    
  -0.00000000    
  -0.00000000    
  -0.00000000    
  -0.00000000    
  -0.00000000    
  -0.00000000    
  -0.00000000    
  -0.00000000    
  -0.00000000    
  -0.00000000    
  -0.00000000    
  -0.00000000    
  -0.00000000    
  -0.00000000    
  -0.00000000    
  -0.00000000    
  -0.00000000    
  -0.00000000    
  -0.00000000    
  -0.00000000    
  -0.00000000    
  -0.00000000    
  -0.00000000    
  -0.00000000    
  -0.00000000    
  -0.00000000    
  -0.00000000    
  -0.00000000    
  -0.00000000    
  -0.00000000    
  -0.00000000    
  -0.00000000    
  -0.00000000    
  -0.00000000    
  -0.00000000    
  -0.00000000    
  -0.00000000    
  -0.00000000    
  -0.00000000    
  -0.00000000    
  -0.00000000    
  -0.00000000    
  -0.00000000    
  -0.00000000    
  -0.00000000    
  -0.00000000    
  -0.00000000    
  -0.00000000    
  -0.00000000    
  -0.00000000    
  -0.00000000    
  -0.00000000    
  -0.00000000    
  -0.00000000    
  -0.00000000    
  -0.00000000    
  -0.00000000    
  -0.00000000    
  -0.00000000    
  -0.00000000    
  -0.00000000    
  -0.00000000    
  -0.00000000    
  -0.00000000    
  -0.00000000    
  -0.00000000    
  -0.00000000    
  -0.00000000    
  -0.00000000    
  -0.00000000    
  -0.00000000    
  -0.00000000    
  -0.00000000    
  -0.00000000    
  -0.00000000    
  -0.00000000    
  -0.00000000    
  -0.00000000    
  -0.00000000    
  -0.00000000    
  -0.00000000    
  -0.00000000    
  -0.00000000    
  -0.00000000    
  -0.00000000    
  -0.00000000    
  -0.00000000    
  -0.00000000    
  -0.00000000    
  -0.00000000    
  -0.00000000    
  -0.00000000    
  -0.00000000    
  -0.00000000    
  -0.00000000    
  -0.00000000    
  -0.00000000    
  -0.00000000    
  -0.00000000    
  -0.00000000    
  -0.00000000    
  -0.00000000    
  -0.00000000    
  -0.00000000    
  -0.00000000    
  -0.00000000    
  -0.00000000    
  -0.00000000    
  -0.00000000    
  -0.00000000    
  -0.00000000    
  -0.00000000    
  -0.00000000    
  -0.00000000    
  -0.00000000    
  -0.00000000    
  -0.00000000    
  -0.00000000    
  -0.00000000    
  -0.00000000    
  -0.00000000    
  -0.00000000    
  -0.00000000    
  -0.00000000    
  -0.00000000    
  -0.00000000    
  -0.00000000    
  -0.00000000    
  -0.00000000    
  -0.00000000    
  -0.00000000    
