     0.000000000000000 
     0.000000000000000 
     0.000000000000000 
     0.000000000000000 
     0.000000000000000 
     0.000000000000000 
     0.000000000000000 
     0.000000000000194 
     0.000000000002196 
     0.000000000012350 
     0.000000000046006 
     0.000000000128413 
     0.000000000290437 
     0.000000000568896 
     0.000000001028957 
     0.000000001813493 
     0.000000003202201 
     0.000000005669569 
     0.000000009977056 
     0.000000017374148 
     0.000000029968888 
     0.000000051298048 
     0.000000087169603 
     0.000000146980000 
     0.000000245836333 
     0.000000407888223 
     0.000000671391319 
     0.000001096316964 
     0.000001775783517 
     0.000002853107617 
     0.000004546891432 
     0.000007187432857 
     0.000011269027709 
     0.000017524382201 
     0.000027029258490 
     0.000041347775550 
     0.000062731691287 
     0.000094390379672 
     0.000140851712786 
     0.000208438257687 
     0.000305885972921 
     0.000445136596682 
     0.000642335391603 
     0.000919066660572 
     0.001303854049183 
     0.001833943068050 
     0.002557370346040 
     0.003535293973982 
     0.004844536073506 
     0.006580227054656 
     0.008858403190970 
     0.011818297207355 
     0.015624052844942 
     0.020465416833758 
     0.026556912809610 
     0.034134920686483 
     0.043451961129904 
     0.054767448455095 
     0.068334311246872 
     0.084380567073822 
     0.103085532784462 
     0.124550253152847 
     0.148762196302414 
     0.175554484128952 
     0.204560741782188 
     0.235167399048805 
     0.266465783119202 
     0.297206759452820 
     0.325761914253235 
     0.350094795227051 
     0.367748558521271 
     0.375854015350342 
     0.371163308620453 
     0.350111544132233 
     0.308910846710205 
     0.243677258491516 
     0.150591492652893 
     0.026088714599609 
    -0.132927298545837 
    -0.328855037689209 
    -0.563163042068481 
    -0.836164236068726 
    -1.146816372871399 
    -1.492560863494873 
    -1.869217276573181 
    -2.270949363708496 
    -2.690306186676025 
    -3.118350028991699 
    -3.544879913330078 
    -3.958739757537842 
    -4.348205089569092 
    -4.701428890228271 
    -5.006930351257324 
    -5.254102230072021 
    -5.433710575103760 
    -5.538349151611328 
    -5.562827110290527 
    -5.504462242126465 
    -5.363265514373779 
    -5.141996860504150 
    -4.846088886260986 
    -4.483433246612549 
    -4.064053535461426 
    -3.599675655364990 
    -3.103218078613281 
    -2.588234424591064 
    -2.068338394165039 
    -1.556650757789612 
    -1.065292358398438 
    -0.604948759078979 
    -0.184526085853577 
     0.189083427190781 
     0.511118292808533 
     0.778955459594727 
     0.992021679878235 
     1.151614308357239 
     1.260645031929016 
     1.323329687118530 
     1.344857454299927 
     1.331059575080872 
     1.288085699081421 
     1.222100496292114 
     1.139025568962097 
     1.044342637062073 
     0.942950248718262 
     0.839061260223389 
     0.736144781112671 
     0.636921644210815 
     0.543405354022980 
     0.456963062286377 
     0.378385096788406 
     0.307969003915787 
     0.245622247457504 
     0.190964922308922 
     0.143412679433823 
     0.102243825793266 
     0.066665999591351 
     0.035880941897631 
     0.009130346588790 
    -0.014281411655247 
    -0.034971829503775 
    -0.053461048752069 
    -0.070158243179321 
    -0.085364520549774 
    -0.099284909665585 
    -0.112035751342773 
    -0.123649097979069 
    -0.134085640311241 
    -0.143255516886711 
    -0.151035174727440 
    -0.157276704907417 
    -0.161820277571678 
    -0.164514049887657 
    -0.165232270956039 
    -0.163884326815605 
    -0.160420745611191 
    -0.154844343662262 
    -0.147220656275749 
    -0.137678757309914 
    -0.126404643058777 
    -0.113636501133442 
    -0.099661707878113 
    -0.084807530045509 
    -0.069424211978912 
    -0.053869076073170 
    -0.038495447486639 
    -0.023640390485525 
    -0.009608329273760 
     0.003343360498548 
     0.015012216754258 
     0.025256257504225 
     0.034000772982836 
     0.041240941733122 
     0.047035448253155 
     0.051496863365173 
     0.054786201566458 
     0.057107873260975 
     0.058696500957012 
     0.059798453003168 
     0.060659307986498 
     0.061518877744675 
     0.062604315578938 
     0.064117290079594 
     0.066223770380020 
     0.069051839411259 
     0.072691150009632 
     0.077187843620777 
     0.082540415227413 
     0.088702872395515 
     0.095589920878410 
     0.103076525032520 
     0.110996469855309 
     0.119149573147297 
     0.127314329147339 
     0.135253518819809 
     0.142712652683258 
     0.149424225091934 
     0.155123010277748 
     0.159560024738312 
     0.162506937980652 
     0.163758978247643 
     0.163146197795868 
     0.160547912120819 
     0.155899256467819 
     0.149192079901695 
     0.140479207038879 
     0.129879936575890 
     0.117576204240322 
     0.103801168501377 
     0.088831968605518 
     0.072987526655197 
     0.056619334965944 
     0.040091577917337 
     0.023764029145241 
     0.007985617034137 
    -0.006912855431437 
    -0.020637109875679 
    -0.032948151230812 
    -0.043666049838066 
    -0.052664689719677 
    -0.059874124825001 
    -0.065288275480270 
    -0.068960323929787 
    -0.070984512567520 
    -0.071484014391899 
    -0.070612743496895 
    -0.068553261458874 
    -0.065497800707817 
    -0.061628021299839 
    -0.057112853974104 
    -0.052115872502327 
    -0.046790145337582 
    -0.041262656450272 
    -0.035630285739899 
    -0.029971815645695 
    -0.024355867877603 
    -0.018834976479411 
    -0.013442059978843 
    -0.008201801218092 
    -0.003142744535580 
     0.001706538256258 
     0.006327209062874 
     0.010706305503845 
     0.014823797158897 
     0.018651274964213 
     0.022163303568959 
     0.025341410189867 
     0.028164453804493 
     0.030603591352701 
     0.032632432878017 
     0.034236598759890 
     0.035407964140177 
     0.036135379225016 
     0.036409839987755 
     0.036236625164747 
     0.035634111613035 
     0.034621272236109 
     0.033215079456568 
     0.031442306935787 
     0.029345806688070 
     0.026974966749549 
     0.024376820772886 
     0.021602356806397 
     0.018715061247349 
     0.015783388167620 
     0.012865240685642 
     0.010006617754698 
     0.007254302967340 
     0.004660248290747 
     0.002269451972097 
     0.000109816319309 
    -0.001801410457119 
    -0.003446790389717 
    -0.004811500199139 
    -0.005894870497286 
    -0.006711954250932 
    -0.007282595150173 
    -0.007624086923897 
    -0.007756077684462 
    -0.007707162294537 
    -0.007511734962463 
    -0.007201616186649 
    -0.006803779862821 
    -0.006345069501549 
    -0.005855136550963 
    -0.005363000091165 
    -0.004891613498330 
    -0.004456044640392 
    -0.004065689630806 
    -0.003727491246536 
    -0.003447653958574 
    -0.003231107024476 
    -0.003079827409238 
    -0.002992307767272 
    -0.002965077059343 
    -0.002994189038873 
    -0.003074372187257 
    -0.003196970792487 
    -0.003349842038006 
    -0.003519838443026 
    -0.003695353399962 
    -0.003867097431794 
    -0.004027751740068 
    -0.004171357490122 
    -0.004292155615985 
    -0.004383205436170 
    -0.004436364863068 
    -0.004444054793566 
    -0.004400935024023 
    -0.004304024856538 
    -0.004152203444391 
    -0.003946443554014 
    -0.003690119367093 
    -0.003388089360669 
    -0.003045214805752 
    -0.002666167682037 
    -0.002256857929751 
    -0.001825911342166 
    -0.001384715316817 
    -0.000945884909015 
    -0.000521107634995 
    -0.000119883625302 
     0.000249927135883 
     0.000580935098697 
     0.000866717309691 
     0.001103799091652 
     0.001291873864830 
     0.001430897391401 
     0.001518829609267 
     0.001553867594339 
     0.001538568292744 
     0.001480049802922 
     0.001386316609569 
     0.001264702295884 
     0.001124398666434 
     0.000977285089903 
     0.000833241501823 
     0.000695620605256 
     0.000563894049264 
     0.000440164905740 
     0.000330113922246 
     0.000237253159867 
     0.000159555027494 
     0.000093734059192 
     0.000040629049181 
     0.000003524462954 
    -0.000018099279259 
    -0.000030390156098 
    -0.000040163555241 
    -0.000049849877541 
    -0.000058035420807 
    -0.000063529565523 
    -0.000067600660259 
    -0.000072672148235 
    -0.000079885401647 
    -0.000088206732471 
    -0.000095641320513 
    -0.000101120473118 
    -0.000105041595816 
    -0.000108000916953 
    -0.000109659755253 
    -0.000109557819087 
    -0.000108652762719 
    -0.000108971245936 
    -0.000111560184450 
    -0.000115576789540 
    -0.000119486758194 
    -0.000122182871564 
    -0.000122687721159 
    -0.000119983458717 
    -0.000113988695375 
    -0.000106036204670 
    -0.000097829120932 
    -0.000090679459390 
    -0.000086044849013 
    -0.000085165091150 
    -0.000086879117589 
    -0.000087295535195 
    -0.000083739825641 
    -0.000078284188930 
    -0.000075281444879 
    -0.000076208998507 
    -0.000079773111793 
    -0.000086669293523 
    -0.000100152312370 
    -0.000120437631267 
    -0.000142359102028 
    -0.000161529431352 
    -0.000179904527613 
    -0.000201448390726 
    -0.000224579664064 
    -0.000244069611654 
    -0.000259762484347 
    -0.000277421029750 
    -0.000299047242152 
    -0.000317576981615 
    -0.000325006927596 
    -0.000322284526192 
    -0.000316512858262 
    -0.000310317205731 
    -0.000299060367979 
    -0.000278374238405 
    -0.000249579839874 
    -0.000216106738662 
    -0.000178211164894 
    -0.000133707857458 
    -0.000081887163105 
    -0.000024568784283 
     0.000035526696593 
     0.000095919174782 
     0.000154904628289 
     0.000212090642890 
     0.000267414376140 
     0.000319072307320 
     0.000364191160770 
     0.000402355712140 
     0.000435981026385 
     0.000465467863251 
     0.000486630247906 
     0.000495601212606 
     0.000493695144542 
     0.000483465642901 
     0.000461905467091 
     0.000422736338805 
     0.000364735577023 
     0.000291684234980 
     0.000202932278626 
     0.000090315268608 
    -0.000052620191127 
    -0.000224538031034 
    -0.000424693862442 
    -0.000662562088110 
    -0.000952435657382 
    -0.001302038552240 
    -0.001715076738037 
    -0.002204116433859 
    -0.002791804494336 
    -0.003498032689095 
    -0.004335754550993 
    -0.005324586760253 
    -0.006500420160592 
    -0.007904320955276 
    -0.009568623267114 
    -0.011524043045938 
    -0.013817173428833 
    -0.016510052606463 
    -0.019663047045469 
    -0.023330114781857 
    -0.027574751526117 
    -0.032480075955391 
    -0.038135912269354 
    -0.044623415917158 
    -0.052020952105522 
    -0.060418985784054 
    -0.069917500019073 
    -0.080609008669853 
    -0.092572875320911 
    -0.105885133147240 
    -0.120620794594288 
    -0.136838048696518 
    -0.154563426971436 
    -0.173792928457260 
    -0.194496527314186 
    -0.216608852148056 
    -0.240014120936394 
    -0.264542162418365 
    -0.289972126483917 
    -0.316027402877808 
    -0.342363953590393 
    -0.368567526340485 
    -0.394163638353348 
    -0.418624579906464 
    -0.441369146108627 
    -0.461769580841064 
    -0.479175150394440 
    -0.492937862873077 
    -0.502427160739899 
    -0.507041692733765 
    -0.506233215332031 
    -0.499536812305450 
    -0.486593425273895 
    -0.467162013053894 
    -0.441135436296463 
    -0.408560991287231 
    -0.369650214910507 
    -0.324772149324417 
    -0.274441123008728 
    -0.219308719038963 
    -0.160151854157448 
    -0.097847312688828 
    -0.033338382840157 
     0.032393418252468 
     0.098352111876011 
     0.163555055856705 
     0.227063506841660 
     0.288005650043488 
     0.345589280128479 
     0.399112701416016 
     0.447976350784302 
     0.491687357425690 
     0.529852390289307 
     0.562167525291443 
     0.588413119316101 
     0.608452618122101 
     0.622226417064667 
     0.629742085933685 
     0.631069898605347 
     0.626344680786133 
     0.615767240524292 
     0.599605858325958 
     0.578198909759521 
     0.551958858966827 
     0.521372437477112 
     0.486995786428452 
     0.449447810649872 
     0.409401535987854 
     0.367570161819458 
     0.324688374996185 
     0.281492710113525 
     0.238699406385422 
     0.196978583931923 
     0.156929656863213 
     0.119067654013634 
     0.083816975355148 
     0.051501594483852 
     0.022332586348057 
    -0.003590129315853 
    -0.026256285607815 
    -0.045723736286163 
    -0.062113694846630 
    -0.075608603656292 
    -0.086429081857204 
    -0.094797857105732 
    -0.100922986865044 
    -0.105007529258728 
    -0.107254877686501 
    -0.107850328087807 
    -0.106942534446716 
    -0.104654170572758 
    -0.101109549403191 
    -0.096444137394428 
    -0.090792909264565 
    -0.084287583827972 
    -0.077073603868484 
    -0.069321595132351 
    -0.061215251684189 
    -0.052935242652893 
    -0.044661961495876 
    -0.036584734916687 
    -0.028891719877720 
    -0.021745994687080 
    -0.015275927260518 
    -0.009583663195372 
    -0.004746197257191 
    -0.000798619003035 
     0.002277137711644 
     0.004539213143289 
     0.006064910441637 
     0.006946702953428 
     0.007299450226128 
     0.007255184464157 
     0.006943636573851 
     0.006479470059276 
     0.005964445881546 
     0.005489002447575 
     0.005122788250446 
     0.004905926529318 
     0.004853607155383 
     0.004966333508492 
     0.005231921561062 
     0.005621501244605 
     0.006091554183513 
     0.006593223195523 
     0.007079957518727 
     0.007510692346841 
     0.007853145711124 
     0.008086493238807 
     0.008197974413633 
     0.008176613599062 
     0.008014520630240 
     0.007715573534369 
     0.007297865115106 
     0.006783632095903 
     0.006188732106239 
     0.005523932166398 
     0.004802135750651 
     0.004038777202368 
     0.003246563021094 
     0.002435405738652 
     0.001617843983695 
     0.000809343182482 
     0.000021671472496 
    -0.000739213428460 
    -0.001465609879233 
    -0.002142130630091 
    -0.002751516178250 
    -0.003284503705800 
    -0.003740011015907 
    -0.004116933792830 
    -0.004410677123815 
    -0.004618609324098 
    -0.004745132289827 
    -0.004799985326827 
    -0.004795053973794 
    -0.004745214246213 
    -0.004669226240367 
    -0.004585593473166 
    -0.004507754463702 
    -0.004446018952876 
    -0.004413838032633 
    -0.004428635351360 
    -0.004504502750933 
    -0.004645316395909 
    -0.004846193362027 
    -0.005100576207042 
    -0.005404265597463 
    -0.005752632394433 
    -0.006135252304375 
    -0.006534464191645 
    -0.006930191535503 
    -0.007307088468224 
    -0.007657044101506 
    -0.007974009960890 
    -0.008246647194028 
    -0.008458035066724 
    -0.008594281040132 
    -0.008652932010591 
    -0.008641513064504 
    -0.008568339981139 
    -0.008437016978860 
    -0.008250893093646 
    -0.008020832203329 
    -0.007765603251755 
    -0.007503761909902 
    -0.007246654946357 
    -0.007000755984336 
    -0.006776092108339 
    -0.006590197794139 
    -0.006462652701885 
    -0.006406552623957 
    -0.006426117848605 
    -0.006520947441459 
    -0.006689273752272 
    -0.006925849243999 
    -0.007219140883535 
    -0.007553453557193 
    -0.007913228124380 
    -0.008282678201795 
    -0.008641265332699 
    -0.008962546475232 
    -0.009218797087669 
    -0.009384279139340 
    -0.009432438760996 
    -0.009333546273410 
    -0.009060554206371 
    -0.008598195388913 
    -0.007943309843540 
    -0.007095978595316 
    -0.006054730154574 
    -0.004823171999305 
    -0.003418067935854 
    -0.001866645179689 
    -0.000197274785023 
     0.001562740420923 
     0.003380289999768 
     0.005212759133428 
     0.007014567498118 
     0.008745557628572 
     0.010371449403465 
     0.011859757825732 
     0.013180131092668 
     0.014308409765363 
     0.015226711519063 
     0.015919521450996 
     0.016373880207539 
     0.016585251316428 
     0.016559876501560 
     0.016308763995767 
     0.015842042863369 
     0.015172707848251 
     0.014323510229588 
     0.013324197381735 
     0.012200452387333 
     0.010969910770655 
     0.009651715867221 
     0.008276343345642 
     0.006881420966238 
     0.005498941987753 
     0.004151022993028 
     0.002858180087060 
     0.001646115328185 
     0.000540210690815 
    -0.000444478064310 
    -0.001303441938944 
    -0.002033114898950 
    -0.002625074237585 
    -0.003071820829064 
    -0.003375920699909 
    -0.003550513414666 
    -0.003611395135522 
